xres: 1280
yres: 640
psize: 0.0000053
cam_dist: 0.006
xarea: 0.006784
yarea: 0.005427